This line is a comment block.
This line is a comment block.
This line is a comment block.
This line is a comment block.
This line is a comment block.
This line is a comment block.
This line is a comment block.
c8fb7637086b4356f3fa694dc50e86540758a514dbd6acb565d63260c0a21180 42 6 167161 491
40db5b383d312450eb43878cc36754ab4e2d908375c50cb0c4b9a1740ddb0691 12 11 1930 814
3d03cdfa7aa5a9c26f9a7ab973b3335da2497337404bbb126d7473d1d972d5df 1 0 0 0
01ed28081aac22e6f873c6495faa355f4bb536448de2da5ca20f2472e67bc5fe 19 1 0 7801
936b323a8beb0ed3cd8bc84f38a5054354eaf8793b97c7d2aaa85e782052a1b1 28 28 6199 1302
4eb659033b07743e3351df882a16d000a1c510129561030fd596ca73a2930606 3 3 82523 17342
d25676eea05b38c6d796e924de216460d0eacacea4da7aacfb10ac8d7cbc90db 72 2 67 57
025cabab0fb165d75181638b1417fdbfb931dcd92c07e50c42edc8949060bf47 17 1 1515 403
2629ce5e10fee7b65a6329bac3c438f3122a8b86e418c6e487531bff029181d9 3 0 0 0
8892c9d525f8ccdd6fafb4ec2ac6195264f8b490a02836664a7ecf3450d8c9f4 10 0 0 0
9212ad4fc66dececa35cd8d313dd114b229eefb62036bdc15be5a995ad4d9d76 87 32 22986 2565
041c580eb9c46c598f1c4e4459b9536d27d7dbdc0f2492c0fcb23012f1dc8a48 4 4 12300 0
5bfa38ee6e26fc85f80a9629d1647e4a6715a858365b7659c3ed30be8842dec1 34 28 16988 4694
e11eff48f17a81abf22b3926b66a80435ebbbb7a65723788df95fc364c60fd7b 193 3 210 26
9b02a9087679f9ec9959a283eebeef25adcc8a96a6879fc77ff6dee287b8dbcd 11 11 1094 164
c2f5fab45f523a3c0d68543838cdc490532a8a5d37979f37e830bd3f68b5a117 25 20 7300 1405
43e440512b976d84611d20c80e8d8af5c1dbab58b41f6b1de2d9dc882e40d61e 16 10 708 216
d2a7bd825a558f1b25004284fd8bf2a1e44394c4d640a9101870dee4ae77d385 9 1 764 4
a6159caaf0e05bdc5a1e8cda939e7da414b85e090b8b8799db813690a519fc06 1 1 625308 0
cdaf22b7a95ff47c5d911b894a027005ee55aa8ae0c868e97f62bd4e750971bf 32 26 16948 4454
ccf91d976e23f753970a79112fe22cebd89caf6aa8b7c419c504e3d9ddb542dc 5 5 2529 9
f26ae1f5b4fac04e17c5606a76cc535f996747ef35944625342ebbd1de57bb51 18 13 1296 292
71de5d26cadc46f189889993f9086d8d4a49c146154eef37282b83e6b0527356 32 0 0 0
4d081149f2a937a26db747f3dc4c786d33222d200d6a8c8c4573ee6ca6f55d99 3 2 6219 2126
0a605e0b1c7060c488c054c064df9854dabcd8daf16039f806172363a46d97e4 10 4 3486 411
44a8d47c9bac4ef9074365fbe2a669e5093655dadb235024c96d21c6a48c6c79 11 9 2082 1030
37436417b2e61f821099ad51ff67ba15639934f3bf24a718d88fc8caf67ed79e 14 12 17879 1036
09818097a832abce968f2198d6b9b09c58310afe5e2df862bc2f24a0a91bf24a 70 62 19208 3507
31ae43f5ccf6943a83ab18d776199745e149cb4f662b3373b05d5b9dcae59da6 2 0 0 0
f0bd7da41647b2daa0062b8d3973ed0f733e1dce97fd7ea1e749c31093f72ff8 11 5 814 113
e6c6715148b294ef2e8a92c76a606b7ccd198ecf5b40499a7c45381e0b6b1074 1302 0 0 0
18b4e75815e2bb5b8e566878795da69dea4d8fe5e43778cb3afce2fb5f460815 3 3 3770 15
976f1eca2aca5e20a2957b39718a6a148ba639e51565d24c9b159b81ac070a84 67 17 5532 1080
2df775c69159d04282ae6679abf3935be8f3a97d73bfc1ee9cc4e9854846ab7c 13 4 5329 659
3789b5b712fc07a7f118eeef83fce4b6faa11b9bba742a2cd9382d68c36bff65 14 4 5329 659
0b3cf0a72f270c64591caa43ba3c60db190314adb45c2dd7e16820df797274db 11 1 579 0
bb0ec47eb619df2fc8a826e287db2a76dca9f611fe1201be1c80b12e241124c5 124 33 84014 14546
0fe1b65fbb401bcc676b94ae53a3e71a483a015fe4d4a0037b053d4671ba70fe 115 24 80325 13311
fb23fd11e0ae792398660376022f24de9e2b9efe2831ccc20c5d485d9b088e33 31 7 6977 1454
325e69621bd441364165a347477835a97deb76ddc08243cbb8623f3bc2e43dc4 45 20 179614 163698
5d0885f855af02eca9d3daa87ba8bdddd8223526312646e231940f346cbc5772 45 20 179614 163698
a7aeb2db75b05f99e76f1c3d112020d835c8238a1f855f6263fde083f93000ac 28 4 8560 3852
3bd7e5988463230fa9c9af34a3a1daa056306ecc81d102220995bf616cfe82ce 19 19 6402 677
48537e0981f5395f5a7aa9eaa103b18992cabd5ab78bbe08abfaf6ff651016f4 30 6 5947 992
5ee2d9c568128bccf8cb4dac5a42487c77bf980c1fba4760cf0f0f484cf3316a 18 0 0 0
6f588fead2d2d49a22a978ab0dc129b970ac0e82501394870146645a3aade847 96 0 0 0
3459cecc5de9dcce3ae1123a391d5bd94870093cacf7769dd8872ce1ffd7e9cf 49 49 11431 3641
23cbd7188cc509277b7c68ca66048e33dc1501b08013c27488ee49b21c58b9c8 39 18 4482 1427
cebe4185394b9be547cc9919b617dac2ffac76159bb0ff4feb82e154f9101d75 304 0 0 0
e9fe3c6da46316ee57d675101a95b01bfc2c600cb0e4996e60119c33df0bc267 13 13 13603 1154
49868532d615c1b02367c5299b26d8976683dc1509cb145d312de8ce6443f330 82 82 32839 526
309ceb8adf143c1cfef1cf55d86c9b500f248f65731b830716f645e3ae902f51 17 17 31009 3822
8edc9facef42ad5546a60f5e806107aca17262e11641fd0c3c24f4e4db1e3a04 9 9 17940 3202
63e0b48ae6ee1ed718f597461a680d6f8d0890fe85f16d1699748c10bbe41b89 41 40 31165 6966
df43de8691ceb145a79406086d057a4228fb761173718c0d1f49e0231a0c565a 3 3 6624 0
4bd20b3210b159145684ce2f9d0d09f088140bbb54afdc753095f8a9b2558d5f 17831 25 6845 1583
d3a81632d7e1416b0f70aabffd736bad004373f9c3ab6e74b01fd07410998bca 8 8 6820 172
4b918264d1e633325546a073b984effa281ec951d0b47d54db8607b291dc539a 33 7 41302 1210
4231b36cd023776b73ae02a09531a97d0a13de41d80f56afb2727cb88a2b684a 0 0 0 0
59e687653d43cad4ad05b6f4e5e0944e13052c5345583d30df98d0b98076b544 130 22 24514 3381
763a24109444033560a109debe7cc44e40b5a6ff2bdcdd7753744b95a0e4496e 17 10 16576 1250
3de8867ffdc647538e02137bad80ac2d28905e8b83404137ce403a008d7b89a6 14 14 9571 1329
e5b8f65b3eb1283ef55cfcc49d8c233ef13047b0d2a4ff9461440603e92d5570 13 0 0 0
0f761da6de5e0940c7d2d844ea0bb659ef9bd706f28a6d6a29813b75530dc945 135 36 39587 2897
1810c1ce906e531817487116418ab7f6ba3139383c385da8dd2e1eb4687cced7 9 9 358 21
8d4d93ecea8e978e3700d2239100183f814a2319c3b647648835949a70b6d365 115 46 129327 6450
2fd3679f11b39ff4229e7826c66261956bb12fe12e4419174cfa6ac285dd0332 2 2 337154 151
cb52e9954c988f42236f22752bc232cb17321e4dbf35393b083f6f29bda74190 350 0 0 0
